<Hierarchy>:
	<Frame>: 0 0 Slime_Cube
		<Transform>: -1.214165 -1.192093E-07 -0.01887763 0 0 0 1 1 1 0 0 0 1  
		<TransformMatrix>: 1 0 0 0 0 1 0 0 0 0 1 0 -1.214165 -1.192093E-07 -0.01887763 1  
		<Children>: 2
			<Frame>: 1 0 RigHub
				<Transform>: 2.988103E-14 -1.550807E-14 -9.518784E-08 0 270 270 1 1 1 0.5000001 -0.5000001 -0.5 0.5  
				<TransformMatrix>: 0 -1 0 0 -1.788139E-07 0 1 0 -1 0 -2.384186E-07 0 2.988103E-14 -1.550807E-14 -9.518784E-08 1  
				<Children>: 1
					<Frame>: 2 0 RigSpine1
						<Transform>: 0 0 0 2.477715E-19 0 0 1 1 1 2.162214E-21 0 0 1  
						<TransformMatrix>: 1 0 0 0 0 1 4.324428E-21 0 0 -4.324428E-21 1 0 0 0 0 1  
						<Children>: 1
							<Frame>: 3 0 RigSpine2
								<Transform>: -0.1020665 0 -2.168404E-21 2.477715E-19 0 0 1 1 1 2.162214E-21 0 0 1  
								<TransformMatrix>: 1 0 0 0 0 1 4.324428E-21 0 0 -4.324428E-21 1 0 -0.1020665 0 -2.168404E-21 1  
								<Children>: 1
									<Frame>: 4 0 RigSpine3
										<Transform>: -0.09668985 0 1.084202E-21 2.477715E-19 0 0 1 1 1 2.162214E-21 0 0 1  
										<TransformMatrix>: 1 0 0 0 0 1 4.324428E-21 0 0 -4.324428E-21 1 0 -0.09668985 0 1.084202E-21 1  
										<Children>: 3
											<Frame>: 5 0 RigEyeL
												<Transform>: -0.03559406 0.2365403 0.1074726 2.477715E-19 0 0 1 1 1 2.162214E-21 0 0 1  
												<TransformMatrix>: 1 0 0 0 0 1 4.324428E-21 0 0 -4.324428E-21 1 0 -0.03559406 0.2365403 0.1074726 1  
												<Children>: 0
											</Frame>
											<Frame>: 6 0 RigEyeR
												<Transform>: -0.03559406 0.2365403 -0.1074726 2.477715E-19 0 0 1 1 1 2.162214E-21 0 0 1  
												<TransformMatrix>: 1 0 0 0 0 1 4.324428E-21 0 0 -4.324428E-21 1 0 -0.03559406 0.2365403 -0.1074726 1  
												<Children>: 0
											</Frame>
											<Frame>: 7 0 RigSpine4
												<Transform>: -0.09986501 0 0 2.477715E-19 0 0 1 1 1 2.162214E-21 0 0 1  
												<TransformMatrix>: 1 0 0 0 0 1 4.324428E-21 0 0 -4.324428E-21 1 0 -0.09986501 0 0 1  
												<Children>: 0
											</Frame>
									</Frame>
							</Frame>
					</Frame>
			</Frame>
			<Frame>: 8 0 Slime_Cube
				<Transform>: 0 0 -2.921522E-08 270 0 0 1 1 1 -0.7071068 0 0 0.7071068  
				<TransformMatrix>: 1 0 0 0 0 -1.192093E-07 -1 0 0 1 -1.192093E-07 0 0 0 -2.921522E-08 1  
				<SkinningInfo>: Slime_Cube
					<BonesPerVertex>: 4
					<Bounds>: -0.1908448 4.470348E-08 0 0.204488 0.2798299 0.2772906
					<BoneNames>: 7 RigEyeR RigSpine1 RigSpine2 RigEyeL RigHub RigSpine4 RigSpine3  
					<BoneOffsets>: 7 6.123234E-17 -1.509958E-07 -1 0 -6.123234E-17 -1 1.509958E-07 0 -1 6.123233E-17 -6.123235E-17 0 0.2343505 -0.2365402 0.1074726 1 6.123234E-17 -1.509958E-07 -1 0 -6.123234E-17 -1 1.509958E-07 0 -1 6.123233E-17 -6.123235E-17 0 -1.550807E-14 6.597263E-08 1.991944E-14 1 6.123234E-17 -1.509958E-07 -1 0 -6.123234E-17 -1 1.509958E-07 0 -1 6.123233E-17 -6.123235E-17 0 0.1020665 8.260137E-08 2.263486E-14 1 6.123234E-17 -1.509958E-07 -1 0 -6.123234E-17 -1 1.509958E-07 0 -1 6.123233E-17 -6.123235E-17 0 0.2343505 -0.2365402 -0.1074726 1 6.123234E-17 -1.509958E-07 -1 0 -6.123234E-17 -1 1.509958E-07 0 -1 6.123233E-17 -6.123235E-17 0 -1.550807E-14 6.597263E-08 1.991944E-14 1 6.123234E-17 -1.509958E-07 -1 0 -6.123234E-17 -1 1.509958E-07 0 -1 6.123233E-17 -6.123235E-17 0 0.2986214 1.146242E-07 2.786408E-14 1 6.123234E-17 -1.509958E-07 -1 0 -6.123234E-17 -1 1.509958E-07 0 -1 6.123233E-17 -6.123235E-17 0 0.1987564 9.835415E-08 2.520723E-14 1  
					<BoneIndices>: 214 1 2 0 0 1 2 0 0 1 2 0 0 1 2 0 0 1 2 0 0 1 2 0 0 5 6 0 0 5 6 0 0 5 6 0 0 5 6 0 0 5 6 0 0 5 6 0 0 1 2 6 0 1 2 0 0 1 2 0 0 1 2 6 0 1 2 0 0 1 2 6 0 2 6 1 5 2 6 1 5 2 6 1 5 5 6 2 0 5 6 2 0 5 6 2 0 5 6 0 0 5 6 0 0 5 6 0 0 1 2 6 0 1 2 0 0 1 2 0 0 1 2 6 0 2 6 1 5 2 6 1 5 5 6 2 0 5 6 2 0 5 6 0 0 5 6 0 0 1 2 6 0 1 2 0 0 1 2 0 0 1 2 6 0 1 2 0 0 1 2 6 0 2 6 1 5 2 6 1 5 2 6 1 5 5 6 2 0 5 6 2 0 5 6 2 0 5 6 0 0 5 6 0 0 5 6 0 0 1 2 6 0 1 2 0 0 1 2 0 0 1 2 6 0 2 6 1 5 2 6 1 5 5 6 2 0 5 6 2 0 5 6 0 0 5 6 0 0 1 2 0 0 1 2 0 0 1 2 0 0 1 2 0 0 1 2 0 0 1 2 0 0 5 6 0 0 5 6 0 0 5 6 0 0 5 6 0 0 5 6 0 0 5 6 0 0 1 2 6 0 1 2 0 0 1 2 0 0 1 2 6 0 2 6 1 5 2 6 1 5 5 6 2 0 5 6 2 0 5 6 0 0 5 6 0 0 1 2 6 0 1 2 0 0 1 2 0 0 1 2 6 0 2 6 1 5 2 6 1 5 5 6 2 0 5 6 2 0 5 6 0 0 5 6 0 0 5 6 0 0 5 6 0 0 5 6 0 0 5 6 0 0 5 6 0 0 5 6 0 0 5 6 0 0 5 6 0 0 5 6 0 0 5 6 0 0 5 6 0 0 5 6 0 0 5 6 0 0 5 6 0 0 5 6 0 0 5 6 0 0 5 6 0 0 5 6 0 0 5 6 0 0 5 6 0 0 5 6 0 0 5 6 0 0 5 6 0 0 5 6 0 0 5 6 0 0 5 6 0 0 5 6 0 0 5 6 0 0 5 6 0 0 5 6 0 0 5 6 0 0 5 6 0 0 5 6 0 0 5 6 0 0 5 6 0 0 5 6 0 0 5 6 0 0 5 6 0 0 5 6 0 0 5 6 0 0 5 6 0 0 5 6 0 0 5 6 0 0 5 6 0 0 5 6 0 0 5 6 0 0 5 6 0 0 5 6 0 0 5 6 0 0 5 6 0 0 5 6 0 0 5 6 0 0 5 6 0 0 5 6 0 0 5 6 0 0 5 6 0 0 5 6 0 0 5 6 0 0 5 6 0 0 5 6 0 0 0 0 0 0 0 0 0 0 0 0 0 0 0 0 0 0 0 0 0 0 0 0 0 0 0 0 0 0 0 0 0 0 0 0 0 0 0 0 0 0 0 0 0 0 0 0 0 0 0 0 0 0 0 0 0 0 0 0 0 0 0 0 0 0 0 0 0 0 0 0 0 0 0 0 0 0 0 0 0 0 0 0 0 0 0 0 0 0 0 0 0 0 0 0 0 0 0 0 0 0 0 0 0 0 0 0 0 0 0 0 0 0 0 0 0 0 0 0 0 0 3 0 0 0 3 0 0 0 3 0 0 0 3 0 0 0 3 0 0 0 3 0 0 0 3 0 0 0 3 0 0 0 3 0 0 0 3 0 0 0 3 0 0 0 3 0 0 0 3 0 0 0 3 0 0 0 3 0 0 0 3 0 0 0 3 0 0 0 3 0 0 0 3 0 0 0 3 0 0 0 3 0 0 0 3 0 0 0 3 0 0 0 3 0 0 0 3 0 0 0 3 0 0 0 3 0 0 0 3 0 0 0 3 0 0 0 3 0 0 0  
					<BoneWeights>: 214 0.85 0.15 0 0 0.85 0.15 0 0 0.85 0.15 0 0 0.85 0.15 0 0 0.85 0.15 0 0 0.85 0.15 0 0 0.9 0.1 0 0 0.9 0.1 0 0 0.9 0.1 0 0 0.9 0.1 0 0 0.9 0.1 0 0 0.9 0.1 0 0 0.425 0.425 0.15 0 0.85 0.15 0 0 0.85 0.15 0 0 0.425 0.425 0.15 0 0.85 0.15 0 0 0.425 0.425 0.15 0 0.3825 0.3825 0.15 0.085 0.3825 0.3825 0.15 0.085 0.3825 0.3825 0.15 0.085 0.425 0.425 0.15 0 0.425 0.425 0.15 0 0.425 0.425 0.15 0 0.9 0.1 0 0 0.9 0.1 0 0 0.9 0.1 0 0 0.425 0.425 0.15 0 0.85 0.15 0 0 0.85 0.15 0 0 0.425 0.425 0.15 0 0.3825 0.3825 0.15 0.085 0.3825 0.3825 0.15 0.085 0.425 0.425 0.15 0 0.425 0.425 0.15 0 0.9 0.1 0 0 0.9 0.1 0 0 0.425 0.425 0.15 0 0.85 0.15 0 0 0.85 0.15 0 0 0.425 0.425 0.15 0 0.85 0.15 0 0 0.425 0.425 0.15 0 0.3825 0.3825 0.15 0.085 0.3825 0.3825 0.15 0.085 0.3825 0.3825 0.15 0.085 0.425 0.425 0.15 0 0.425 0.425 0.15 0 0.425 0.425 0.15 0 0.9 0.1 0 0 0.9 0.1 0 0 0.9 0.1 0 0 0.425 0.425 0.15 0 0.85 0.15 0 0 0.85 0.15 0 0 0.425 0.425 0.15 0 0.3825 0.3825 0.15 0.085 0.3825 0.3825 0.15 0.085 0.425 0.425 0.15 0 0.425 0.425 0.15 0 0.9 0.1 0 0 0.9 0.1 0 0 0.85 0.15 0 0 0.85 0.15 0 0 0.85 0.15 0 0 0.85 0.15 0 0 0.85 0.15 0 0 0.85 0.15 0 0 0.9 0.1 0 0 0.9 0.1 0 0 0.9 0.1 0 0 0.9 0.1 0 0 0.9 0.1 0 0 0.9 0.1 0 0 0.425 0.425 0.15 0 0.85 0.15 0 0 0.85 0.15 0 0 0.425 0.425 0.15 0 0.3825 0.3825 0.15 0.085 0.3825 0.3825 0.15 0.085 0.425 0.425 0.15 0 0.425 0.425 0.15 0 0.9 0.1 0 0 0.9 0.1 0 0 0.425 0.425 0.15 0 0.85 0.15 0 0 0.85 0.15 0 0 0.425 0.425 0.15 0 0.3825 0.3825 0.15 0.085 0.3825 0.3825 0.15 0.085 0.425 0.425 0.15 0 0.425 0.425 0.15 0 0.9 0.1 0 0 0.9 0.1 0 0 0.9 0.1 0 0 0.9 0.1 0 0 0.9 0.1 0 0 0.9 0.1 0 0 0.9 0.1 0 0 0.9 0.1 0 0 0.9 0.1 0 0 0.9 0.1 0 0 0.9 0.1 0 0 0.9 0.1 0 0 0.9 0.1 0 0 0.9 0.1 0 0 0.9 0.1 0 0 0.9 0.1 0 0 0.9 0.1 0 0 0.9 0.1 0 0 0.9 0.1 0 0 0.9 0.1 0 0 0.9 0.1 0 0 0.9 0.1 0 0 0.9 0.1 0 0 0.9 0.1 0 0 0.9 0.1 0 0 0.9 0.1 0 0 0.9 0.1 0 0 0.9 0.1 0 0 0.9 0.1 0 0 0.9 0.1 0 0 0.9 0.1 0 0 0.9 0.1 0 0 0.9 0.1 0 0 0.9 0.1 0 0 0.9 0.1 0 0 0.9 0.1 0 0 0.9 0.1 0 0 0.9 0.1 0 0 0.9 0.1 0 0 0.9 0.1 0 0 0.9 0.1 0 0 0.9 0.1 0 0 0.9 0.1 0 0 0.9 0.1 0 0 0.9 0.1 0 0 0.9 0.1 0 0 0.9 0.1 0 0 0.9 0.1 0 0 0.9 0.1 0 0 0.9 0.1 0 0 0.9 0.1 0 0 0.9 0.1 0 0 0.9 0.1 0 0 0.9 0.1 0 0 0.9 0.1 0 0 0.9 0.1 0 0 0.9 0.1 0 0 0.9 0.1 0 0 0.9 0.1 0 0 0.9 0.1 0 0 0.9 0.1 0 0 0.9 0.1 0 0 1 0 0 0 1 0 0 0 1 0 0 0 1 0 0 0 1 0 0 0 1 0 0 0 1 0 0 0 1 0 0 0 1 0 0 0 1 0 0 0 1 0 0 0 1 0 0 0 1 0 0 0 1 0 0 0 1 0 0 0 1 0 0 0 1 0 0 0 1 0 0 0 1 0 0 0 1 0 0 0 1 0 0 0 1 0 0 0 1 0 0 0 1 0 0 0 1 0 0 0 1 0 0 0 1 0 0 0 1 0 0 0 1 0 0 0 1 0 0 0 1 0 0 0 1 0 0 0 1 0 0 0 1 0 0 0 1 0 0 0 1 0 0 0 1 0 0 0 1 0 0 0 1 0 0 0 1 0 0 0 1 0 0 0 1 0 0 0 1 0 0 0 1 0 0 0 1 0 0 0 1 0 0 0 1 0 0 0 1 0 0 0 1 0 0 0 1 0 0 0 1 0 0 0 1 0 0 0 1 0 0 0 1 0 0 0 1 0 0 0 1 0 0 0 1 0 0 0 1 0 0 0 1 0 0 0 1 0 0 0  
				</SkinningInfo>
				<Mesh>: 214 Slime_Cube
					<Bounds>: 0 2.980232E-08 0.1908448 0.2772906 0.2798299 0.204488
					<Positions>: 214 0.2579838 -0.2579838 0.006678922 2.89151E-08 2.89151E-08 -0.01364324 0.2772906 0 -0.005674914 0 -0.2798298 -0.0007910937 -0.2579837 -0.2579838 0.006678923 -0.2772906 0 -0.005674912 2.89151E-08 -2.89151E-08 0.3907081 0.2205212 -0.2205213 0.370386 0.2356202 -8.674531E-08 0.3827399 -2.89151E-08 -0.2383357 0.377856 -0.2205212 -0.2205213 0.370386 -0.2356202 -5.783021E-08 0.3827399 0.2497091 -0.2497091 0.101647 0 -0.2798298 -0.0007910937 0.2579838 -0.2579838 0.006678922 2.89151E-08 -0.2699359 0.101647 -0.2579837 -0.2579838 0.006678923 -0.2497091 -0.2497091 0.101647 0.2404119 -0.2392107 0.1978554 -0.2399363 -0.2392107 0.1978553 3.277719E-11 -0.2584055 0.1997228 0.2300675 -0.2300675 0.2940636 -0.2300676 -0.2300675 0.2940636 0 -0.2485866 0.2977986 0.2205212 -0.2205213 0.370386 -0.2205212 -0.2205213 0.370386 -2.89151E-08 -0.2383357 0.377856 -0.2497091 -0.2497091 0.101647 -0.2772906 0 -0.005674912 -0.2579837 -0.2579838 0.006678923 -0.2668853 0 0.101647 -0.2399363 -0.2392107 0.1978553 -0.2561855 3.72529E-11 0.2009438 -0.2300676 -0.2300675 0.2940636 -0.2457041 -2.89151E-08 0.3002405 -0.2205212 -0.2205213 0.370386 -0.2356202 -5.783021E-08 0.3827399 -0.2497091 0.2497091 0.101647 2.89151E-08 0.2798299 -0.0007910947 -0.2579838 0.2579839 0.006678922 0 0.2699359 0.101647 0.2579838 0.2579837 0.00667892 0.2497091 0.2497091 0.101647 -0.2399363 0.2405237 0.1978553 0.240412 0.2405236 0.1978553 -2.908209E-08 0.2597185 0.1997229 -0.2300675 0.2300675 0.2940636 0.2300675 0.2300675 0.2940636 2.89151E-08 0.2485865 0.2977986 -0.2205212 0.2205212 0.370386 0.2205212 0.2205212 0.370386 0 0.2383357 0.377856 0.2497091 0.2497091 0.101647 0.2772906 0 -0.005674914 0.2579838 0.2579837 0.00667892 0.2668853 0 0.101647 0.240412 0.2405236 0.1978553 0.2566612 3.72529E-11 0.2009438 0.2300675 0.2300675 0.2940636 0.2457041 -8.674531E-08 0.3002405 0.2205212 0.2205212 0.370386 0.2356202 -8.674531E-08 0.3827399 2.89151E-08 2.89151E-08 -0.01364324 0.2579838 0.2579837 0.00667892 0.2772906 0 -0.005674914 2.89151E-08 0.2798299 -0.0007910947 -0.2579838 0.2579839 0.006678922 -0.2772906 0 -0.005674912 2.89151E-08 -2.89151E-08 0.3907081 -0.2205212 0.2205212 0.370386 -0.2356202 -5.783021E-08 0.3827399 0 0.2383357 0.377856 0.2205212 0.2205212 0.370386 0.2356202 -8.674531E-08 0.3827399 -0.2668853 0 0.101647 -0.2579838 0.2579839 0.006678922 -0.2772906 0 -0.005674912 -0.2497091 0.2497091 0.101647 -0.2399363 0.2405237 0.1978553 -0.2561855 3.72529E-11 0.2009438 -0.2300675 0.2300675 0.2940636 -0.2457041 -2.89151E-08 0.3002405 -0.2205212 0.2205212 0.370386 -0.2356202 -5.783021E-08 0.3827399 0.2668853 0 0.101647 0.2579838 -0.2579838 0.006678922 0.2772906 0 -0.005674914 0.2497091 -0.2497091 0.101647 0.2404119 -0.2392107 0.1978554 0.2566612 3.72529E-11 0.2009438 0.2300675 -0.2300675 0.2940636 0.2457041 -8.674531E-08 0.3002405 0.2205212 -0.2205213 0.370386 0.2356202 -8.674531E-08 0.3827399 -0.07002182 -0.1272932 0.3944676 -0.1436651 -0.05364989 0.3944675 -0.1436651 -0.1272932 0.3944676 -0.07002182 -0.05364989 0.3944676 -0.07019401 -0.1276062 0.3331605 -0.1436651 -0.1272932 0.3944676 -0.1440185 -0.1276062 0.3331605 -0.07002182 -0.1272932 0.3944676 -0.1440185 -0.1276062 0.3331605 -0.1436651 -0.05364989 0.3944675 -0.1440184 -0.05378182 0.3331605 -0.1436651 -0.1272932 0.3944676 -0.1440184 -0.05378182 0.3331605 -0.07002182 -0.05364989 0.3944676 -0.07019401 -0.05378182 0.3331604 -0.1436651 -0.05364989 0.3944675 -0.07019401 -0.05378182 0.3331604 -0.07002182 -0.1272932 0.3944676 -0.07019401 -0.1276062 0.3331605 -0.07002182 -0.05364989 0.3944676 0.03684869 -0.04985009 0.3953328 -0.01938469 0.006383298 0.3953328 -0.01938471 -0.04985009 0.3953328 0.0368487 0.006383298 0.3953328 0.03690007 -0.04991961 0.3485192 -0.01938471 -0.04985009 0.3953328 -0.01941178 -0.04991959 0.3485192 0.03684869 -0.04985009 0.3953328 -0.01941178 -0.04991959 0.3485192 -0.01938469 0.006383298 0.3953328 -0.01941175 0.006392204 0.3485192 -0.01938471 -0.04985009 0.3953328 -0.01941175 0.006392204 0.3485192 0.0368487 0.006383298 0.3953328 0.03690005 0.006392175 0.3485192 -0.01938469 0.006383298 0.3953328 0.03690005 0.006392175 0.3485192 0.03684869 -0.04985009 0.3953328 0.03690007 -0.04991961 0.3485192 0.0368487 0.006383298 0.3953328 -0.0852792 0.06634831 0.3929878 -0.1288627 0.1099318 0.3929878 -0.1288627 0.06634831 0.3929878 -0.08527923 0.1099318 0.3929877 -0.08535986 0.06641105 0.3567052 -0.1288627 0.06634831 0.3929878 -0.1289846 0.06641105 0.3567052 -0.0852792 0.06634831 0.3929878 -0.1289846 0.06641105 0.3567052 -0.1288627 0.1099318 0.3929878 -0.1289846 0.1100358 0.3567052 -0.1288627 0.06634831 0.3929878 -0.1289846 0.1100358 0.3567052 -0.08527923 0.1099318 0.3929877 -0.08535986 0.1100358 0.3567052 -0.1288627 0.1099318 0.3929878 -0.08535986 0.1100358 0.3567052 -0.0852792 0.06634831 0.3929878 -0.08535986 0.06641105 0.3567052 -0.08527923 0.1099318 0.3929877 0.1387562 -0.2602845 0.1980635 0.07358313 -0.2123734 0.1980635 0.1387562 -0.2123734 0.1980635 0.07358314 -0.2602845 0.1980635 0.1362516 -0.2555865 0.2961095 0.0725638 -0.2094313 0.266476 0.07256377 -0.2566788 0.266476 0.1362517 -0.2085401 0.2961095 0.1387562 -0.2602845 0.1980635 0.07300592 -0.2582427 0.2332187 0.07358314 -0.2602845 0.1980635 0.137644 -0.2581984 0.2340663 0.07256377 -0.2566788 0.266476 0.1362516 -0.2555865 0.2961095 0.07300592 -0.2582427 0.2332187 0.07358313 -0.2123734 0.1980635 0.07358314 -0.2602845 0.1980635 0.07300591 -0.2107074 0.2332187 0.0725638 -0.2094313 0.266476 0.07256377 -0.2566788 0.266476 0.1376441 -0.2106712 0.2340662 0.1387562 -0.2602845 0.1980635 0.1387562 -0.2123734 0.1980635 0.137644 -0.2581984 0.2340663 0.1362516 -0.2555865 0.2961095 0.1362517 -0.2085401 0.2961095 0.1317483 -0.2594342 0.2339797 0.1009811 -0.2576101 0.2736718 0.1016962 -0.2594342 0.2339797 0.1305291 -0.2570336 0.2892646 -0.1387562 -0.2602845 0.1980635 -0.07358316 -0.2123734 0.1980635 -0.07358316 -0.2602845 0.1980635 -0.1387562 -0.2123734 0.1980635 -0.1362516 -0.2555865 0.2961096 -0.07256381 -0.2094313 0.266476 -0.1362516 -0.2085401 0.2961095 -0.07256383 -0.2566788 0.266476 -0.07300173 -0.2582278 0.2335023 -0.1387562 -0.2602845 0.1980635 -0.07358316 -0.2602845 0.1980635 -0.1376071 -0.2581291 0.2354019 -0.07256383 -0.2566788 0.266476 -0.1362516 -0.2555865 0.2961096 -0.07358316 -0.2123734 0.1980635 -0.07300173 -0.2582278 0.2335023 -0.07358316 -0.2602845 0.1980635 -0.07300173 -0.2106953 0.2335023 -0.07256383 -0.2566788 0.266476 -0.07256381 -0.2094313 0.266476 -0.1387562 -0.2602845 0.1980635 -0.1376071 -0.2106147 0.2354019 -0.1387562 -0.2123734 0.1980635 -0.1376071 -0.2581291 0.2354019 -0.1362516 -0.2085401 0.2961095 -0.1362516 -0.2555865 0.2961096 -0.1066588 -0.2594342 0.2339798 -0.07622079 -0.2581272 0.2612231 -0.1058586 -0.257488 0.2768039 -0.07660675 -0.2594342 0.2339798  
					<Colors>: 0  
					<TextureCoords0>: 214 0.04121695 0.5857754 0.04831532 0.5878513 0.0407287 0.5870373 0.04831532 0.5865384 0.05541369 0.5857754 0.05590195 0.5870373 0.04831532 0.4291949 0.0416672 0.4312708 0.04120991 0.4300089 0.04831532 0.4305078 0.05496344 0.4312708 0.05542073 0.4300089 0.04117608 0.4962435 0.04831532 0.5067078 0.04121695 0.5059447 0.04831532 0.4962435 0.05541369 0.5059447 0.05545456 0.4962435 0.04129886 0.4864155 0.05533178 0.4864155 0.04831532 0.4862248 0.04142164 0.4765876 0.055209 0.4765876 0.04831532 0.476206 0.0416672 0.468791 0.05496344 0.468791 0.04831532 0.4680279 0.05545456 0.5457694 0.05590195 0.5567327 0.05541369 0.5554706 0.05594563 0.5457694 0.05533178 0.5359414 0.05581441 0.5356259 0.055209 0.5261135 0.05568318 0.5254825 0.05496344 0.5183169 0.05542073 0.517055 0.05545456 0.4962435 0.04831532 0.5067078 0.05541369 0.5059447 0.04831532 0.4962435 0.04121696 0.5059447 0.04117608 0.4962435 0.05533178 0.4864155 0.04129886 0.4864155 0.04831532 0.4862248 0.055209 0.4765875 0.04142164 0.4765875 0.04831532 0.476206 0.05496345 0.468791 0.0416672 0.468791 0.04831532 0.4680279 0.04117608 0.5457694 0.0407287 0.5567327 0.04121696 0.5554706 0.04068501 0.5457694 0.04129886 0.5359414 0.04081624 0.5356259 0.04142164 0.5261135 0.04094746 0.5254825 0.0416672 0.5183169 0.04120991 0.517055 0.04831532 0.5878513 0.04121696 0.5857754 0.0407287 0.5870373 0.04831532 0.5865384 0.05541369 0.5857754 0.05590195 0.5870373 0.04831532 0.4291949 0.05496345 0.4312708 0.05542073 0.4300089 0.04831532 0.4305078 0.0416672 0.4312708 0.04120991 0.4300089 0.05594563 0.5457694 0.05541369 0.5554706 0.05590195 0.5567327 0.05545456 0.5457694 0.05533178 0.5359414 0.05581441 0.5356259 0.055209 0.5261135 0.05568318 0.5254825 0.05496345 0.5183169 0.05542073 0.517055 0.04068501 0.5457694 0.04121695 0.5554706 0.0407287 0.5567327 0.04117608 0.5457694 0.04129886 0.5359414 0.04081624 0.5356259 0.04142164 0.5261135 0.04094746 0.5254825 0.0416672 0.5183169 0.04120991 0.517055 0.1620365 0.3998766 0.1657999 0.3998766 0.1657999 0.3998766 0.1620365 0.3998766 0.1620365 0.4241948 0.1657999 0.3998766 0.1657999 0.4241948 0.1620365 0.3998766 0.1657999 0.4241948 0.1657999 0.3998766 0.1657999 0.4241948 0.1657999 0.3998766 0.1657999 0.4241948 0.1620365 0.3998766 0.1620365 0.4241948 0.1657999 0.3998766 0.1620365 0.4241948 0.1620365 0.3998766 0.1620365 0.4241948 0.1620365 0.3998766 0.1471396 0.5954595 0.1500133 0.5954595 0.1500133 0.5954595 0.1471396 0.5954595 0.1471396 0.6140287 0.1500133 0.5954595 0.1500133 0.6140287 0.1471396 0.5954595 0.1500133 0.6140287 0.1500133 0.5954595 0.1500133 0.6140287 0.1500133 0.5954595 0.1500133 0.6140287 0.1471396 0.5954595 0.1471396 0.6140287 0.1500133 0.5954595 0.1471396 0.6140287 0.1471396 0.5954595 0.1471396 0.6140287 0.1471396 0.5954595 0.1544907 0.5186853 0.156718 0.5186853 0.156718 0.5186853 0.1544907 0.5186853 0.1544907 0.5330772 0.156718 0.5186853 0.156718 0.5330772 0.1544907 0.5186853 0.156718 0.5330772 0.156718 0.5186853 0.156718 0.5330772 0.156718 0.5186853 0.156718 0.5330772 0.1544907 0.5186853 0.1544907 0.5330772 0.156718 0.5186853 0.1544907 0.5330772 0.1544907 0.5186853 0.1544907 0.5330772 0.1544907 0.5186853 0.2541044 0.7752446 0.25698 0.7752446 0.2541044 0.7752446 0.25698 0.7752446 0.2541044 0.7526385 0.25698 0.7594709 0.25698 0.7594709 0.2541044 0.7526385 0.2541044 0.7752446 0.25698 0.7649001 0.25698 0.7752446 0.2541044 0.7647047 0.25698 0.7594709 0.2541044 0.7526385 0.25698 0.7649001 0.25698 0.7752446 0.25698 0.7752446 0.25698 0.7649001 0.25698 0.7594709 0.25698 0.7594709 0.2541044 0.7647047 0.2541044 0.7752446 0.2541044 0.7752446 0.2541044 0.7647047 0.2541044 0.7526385 0.2541044 0.7526385 0.3566467 0.3914885 0.3586156 0.3735002 0.3586156 0.3914885 0.3566467 0.3641449 0.2663487 0.7752446 0.2634732 0.7752446 0.2634732 0.7752446 0.2663487 0.7752446 0.2663487 0.7526385 0.2634732 0.7594709 0.2663487 0.7526385 0.2634732 0.7594709 0.2634732 0.7648348 0.2663487 0.7752446 0.2634732 0.7752446 0.2663487 0.7643967 0.2634732 0.7594709 0.2663487 0.7526385 0.2634732 0.7752446 0.2634732 0.7648348 0.2634732 0.7752446 0.2634732 0.7648348 0.2634732 0.7594709 0.2634732 0.7594709 0.2663487 0.7752446 0.2663487 0.7643967 0.2663487 0.7752446 0.2663487 0.7643967 0.2663487 0.7526385 0.2663487 0.7526385 0.3722665 0.3914885 0.3702976 0.3809691 0.3722665 0.371621 0.3702976 0.3914885  
					<TextureCoords1>: 0  
					<Normals>: 214 0.03075312 -0.04789219 -0.998379 0 0 -1 0.0287245 0 -0.9995874 0 -0.04588005 -0.998947 -0.03075313 -0.04789219 -0.998379 -0.0287245 0 -0.9995874 0 0 1 0.03596164 -0.05598904 0.9977836 0.03379889 -1.165766E-07 0.9994286 0 -0.05384611 0.9985492 -0.03596164 -0.05598903 0.9977836 -0.03379888 -1.041749E-07 0.9994286 0.08067247 -0.9912617 0.1043645 -0.0003240318 -0.9953939 0.09587003 0.0813183 -0.9922886 0.09354454 -0.0002005716 -0.994343 0.1062167 -0.08059778 -0.9922985 0.09406201 -0.08029713 -0.9913086 0.1042096 0.08005526 -0.9907249 0.1097969 -0.08014718 -0.9907195 0.1097789 -4.95032E-05 -0.9940832 0.1086211 0.08095039 -0.9898701 0.1166363 -0.08101647 -0.9898803 0.1165041 0 -0.9934634 0.1141512 0.08217598 -0.9878011 0.1322735 -0.08217594 -0.9878011 0.1322736 0 -0.9919019 0.1270066 -0.992555 -0.06890159 0.1004354 -0.9953743 0.0005100127 0.09607223 -0.9932441 -0.06989624 0.09263172 -0.9948165 0.0002035154 0.1016865 -0.9917787 -0.06854149 0.1080609 -0.9943067 -0.0001166363 0.1065563 -0.9904402 -0.0698767 0.1189347 -0.9934249 0 0.1144856 -0.9889163 -0.07154851 0.1300978 -0.9926126 0 0.1213265 -0.0807237 0.9918864 0.09821016 0.0003242999 0.9953938 0.09587042 -0.08131811 0.9922885 0.09354528 0.0001416464 0.995023 0.09964538 0.08059797 0.9922985 0.09406155 0.08035047 0.9919661 0.09770867 -0.08019098 0.9908062 0.1089608 0.08009917 0.990812 0.1089754 -4.945243E-05 0.9940799 0.1086518 -0.08101749 0.9890115 0.123662 0.08095143 0.9889993 0.1238028 0 0.9926899 0.1206929 -0.08217592 0.987801 0.1322738 0.08217593 0.9878011 0.1322734 -1.014633E-07 0.9919018 0.1270068 0.9928234 0.06891749 0.09773533 0.9953743 -0.000509924 0.09607187 0.9932441 0.06989592 0.09263262 0.9950553 -0.0003433121 0.09932212 0.9918216 0.06834958 0.1077875 0.994303 -0.0001166961 0.1065913 0.9900935 0.06974106 0.1218641 0.9931545 0 0.1168083 0.9889163 0.07154895 0.1300976 0.9926125 0 0.1213274 0 0 -1 0.03075314 0.04789219 -0.998379 0.0287245 0 -0.9995874 0 0.04588005 -0.998947 -0.03075312 0.04789218 -0.998379 -0.0287245 0 -0.9995874 0 0 1 -0.03596164 0.05598885 0.9977836 -0.03379888 -1.041749E-07 0.9994286 0 0.05384595 0.9985492 0.03596164 0.05598885 0.9977836 0.03379889 -1.165766E-07 0.9994286 -0.9948165 0.0002035154 0.1016865 -0.9932481 0.06868637 0.09349005 -0.9953743 0.0005100127 0.09607223 -0.9926924 0.06828222 0.09949527 -0.9917892 0.06832572 0.1080998 -0.9943067 -0.0001166363 0.1065563 -0.9904128 0.06972003 0.119255 -0.9934249 0 0.1144856 -0.9889163 0.07154854 0.1300976 -0.9926126 0 0.1213265 0.9950553 -0.0003433121 0.09932212 0.9932481 -0.06868653 0.09349006 0.9953743 -0.000509924 0.09607187 0.9928787 -0.06829526 0.09760945 0.9918106 -0.06856565 0.1077515 0.994303 -0.0001166961 0.1065913 0.9901231 -0.06989799 0.1215342 0.9931545 0 0.1168083 0.9889163 -0.07154909 0.1300974 0.9926125 0 0.1213274 0 5.179967E-07 1 0 5.179967E-07 1 5.179966E-07 1.035993E-06 1 -5.179968E-07 0 1 0 -0.999987 0.005105776 0 -0.999987 0.005105776 0 -0.999987 0.005105774 0 -0.999987 0.005105778 -0.9999834 7.340473E-07 0.005763028 -0.9999834 8.236678E-07 0.005762919 -0.9999834 1.162614E-06 0.005762511 -0.9999834 3.944619E-07 0.005763437 0 0.9999977 -0.002151892 0 0.9999977 -0.002151891 0 0.9999977 -0.00215189 0 0.9999977 -0.002151893 0.9999961 0 -0.002808646 0.9999961 0 -0.002808646 0.9999961 0 -0.002808647 0.9999961 0 -0.002808645 0 0 1 0 0 1 0 0 1 0 0 1 -2.245604E-07 -0.9999989 0.001484929 -2.837462E-07 -0.9999989 0.001484858 -5.08067E-07 -0.9999989 0.001484588 0 -0.9999989 0.001485199 -0.9999999 5.086364E-07 0.0005781235 -0.9999999 5.085997E-07 0.0005781235 -0.9999999 5.084598E-07 0.0005781238 -0.9999999 5.087765E-07 0.0005781234 2.292335E-07 1 0.0001899708 2.896636E-07 1 0.0001898982 5.186528E-07 1 0.000189623 0 1 0.0001902463 0.9999994 0 0.001097235 0.9999994 0 0.001097307 0.9999994 2.547775E-07 0.001097577 0.9999994 -2.543881E-07 0.001096965 4.37631E-07 4.376311E-07 1 4.376308E-07 4.376309E-07 1 0 0 1 8.752622E-07 8.752623E-07 1 0 -0.9999986 -0.001729262 0 -0.9999986 -0.001729262 0 -0.9999986 -0.001729262 0 -0.9999986 -0.001729262 -0.9999944 6.561684E-07 0.003359155 -0.9999944 6.560961E-07 0.003359155 -0.9999944 6.55822E-07 0.003359156 -0.9999944 6.564426E-07 0.003359155 -2.884992E-07 0.9999959 0.00286615 -3.650266E-07 0.9999959 0.002866242 -6.558234E-07 0.9999959 0.002866592 0 0.9999959 0.002865799 0.9999976 3.651931E-07 -0.00222297 0.9999976 2.890963E-07 -0.002223061 0.9999976 0 -0.002223409 0.9999976 6.544994E-07 -0.002222622 -2.362147E-07 -3.213208E-07 -1 -3.491035E-07 -4.748824E-07 -1 0 0 -1 -5.853184E-07 -7.962036E-07 -1 -0.4218622 4.161543E-07 0.90666 -0.4218622 3.521022E-07 0.90666 -0.4218622 2.554543E-07 0.9066599 -0.4218621 5.130925E-07 0.90666 -5.046931E-05 -0.9983231 0.05788714 2.250862E-05 -0.9986236 0.05244942 0 -0.9983177 0.05798128 -0.0008575579 -0.9987113 0.05074386 -0.001047881 -0.9989983 0.04473491 -0.002409196 -0.9991145 0.04200678 -0.9998889 0 -0.01490713 -0.9998653 -3.05225E-07 -0.01641684 -0.9998653 -3.116072E-07 -0.01641685 -0.9998903 -3.009034E-07 -0.01481197 -0.9999117 0 -0.01329306 -0.9999117 6.054863E-07 -0.01329387 0.9996476 -8.335908E-07 0.02654627 0.9995233 -7.503524E-07 0.03087528 0.9995232 -9.947793E-07 0.03087561 0.9996411 -5.80258E-07 0.02678969 0.9997483 -9.539219E-07 0.02243656 0.9997483 -1.21595E-06 0.02243637 -0.001381187 -0.9989933 0.04483823 -0.002302937 -0.9990234 0.04412512 0 -0.9989458 0.04590669 -0.003358891 -0.9990562 0.04330811 0 0 -1 0 0 -1 0 0 -1 0 0 -1 0.4218625 4.316841E-07 0.9066598 0.4218626 1.578036E-07 0.9066597 0.4218622 8.461848E-07 0.90666 0.4218628 -2.554547E-07 0.9066596 -4.503179E-05 -0.9986244 0.05243185 0.0001139074 -0.9983326 0.05772526 0 -0.9983203 0.0579359 0.0008699487 -0.9987251 0.05047137 0.0009397262 -0.999002 0.0446565 0.002310019 -0.9991236 0.04179393 0.9998654 0 -0.01640413 0.9998891 0 -0.01489354 0.9998654 0 -0.01640413 0.9998904 -1.907676E-07 -0.0147991 0.9999119 -2.328534E-07 -0.01327925 0.9999118 -6.054863E-07 -0.01327976 -0.9995267 -3.52458E-07 0.03075992 -0.9996506 -4.399953E-07 0.02643218 -0.9995269 0 0.03075946 -0.9996442 -3.588818E-07 0.02667461 -0.9997508 1.075044E-07 0.02232244 -0.9997508 6.351259E-07 0.02232201 0.001217725 -0.9989146 0.04656357 0.001369627 -0.9989222 0.04639423 0.00230077 -0.9989682 0.04535609 0 -0.9988512 0.04792106  
					<Tangents>: 214 -0.8411646 -0.5407792 0 -1 0 0 -0.8667185 -0.4981753 -0.02490634 -1 0 0 -0.8411646 0.5407792 0 -0.8667186 0.4981751 0.02490633 -1 0 0 -0.8411469 -0.5408067 0 -0.8645067 -0.5017703 0.02923602 -1 0 0 -0.8411468 0.5408069 0 -0.8645067 0.5017703 -0.02923601 -0.9967048 -0.08111542 0 -1 0 0 -0.9966589 -0.08167642 0 -1 0 0 -0.9967175 0.08095669 0 -0.9967354 0.0807367 0 -0.9967512 -0.08054215 0 -0.9967437 0.08063444 0 -1 0 0 -0.9966727 -0.0815068 0 -0.9966674 0.08157206 0 -1 0 0 -0.9965576 -0.08290459 0 -0.9965576 0.08290459 0 -1 0 0 -0.06925175 0.9975992 0 0 0.9999778 -0.006662661 -0.07019804 0.9975331 0 0 0.9999756 -0.006998949 -0.06894518 0.9976204 0 0 0.9999727 -0.007391121 -0.07037634 0.9975205 0 0 0.9999659 -0.008266848 -0.07216196 0.9973929 0 -0.001108527 0.9999583 -0.009068907 -0.9967046 -0.08111581 0 -1 0 0 -0.9966589 -0.08167624 0 -1 0 0 -0.9967175 0.08095689 0 -0.9967354 0.08073679 0 -0.9967408 -0.0806712 0 -0.9967482 0.08057895 0 -1 0 0 -0.9966615 -0.08164406 0 -0.9966668 0.08157895 0 -1 0 0 -0.9965576 -0.08290432 0 -0.9965576 0.08290432 0 -1 0 0 -0.069249 0.9975994 0 0 0.9999778 0.006662657 -0.07019773 0.9975331 0 0 0.9999766 0.006835567 -0.06875011 0.9976339 0 0 0.9999727 0.007395461 -0.07026473 0.9975284 0 0 0.9999645 0.008438204 -0.07216215 0.9973929 0 -0.00110849 0.9999583 0.009069154 -1 0 0 -0.8411645 0.5407794 0 -0.8667185 0.4981753 -0.02490634 -1 0 0 -0.8411646 -0.5407792 0 -0.8667184 -0.4981756 0.02490634 -1 0 0 -0.8411468 -0.5408069 0 -0.8645065 -0.5017705 -0.02923611 -1 0 0 -0.8411467 0.5408071 0 -0.8645064 0.5017708 0.02923612 0 -0.9999756 -0.006998587 -0.06898852 -0.9976174 0 -0.001155478 -0.9999771 -0.006663143 -0.06862272 -0.9976426 0 -0.06872845 -0.9976355 0 0 -0.9999727 -0.007390339 -0.07022112 -0.9975314 0 0 -0.9999659 -0.008265413 -0.07216174 -0.9973929 0 -0.001108475 -0.9999583 -0.009069087 -0.001027288 -0.9999762 0.006835346 -0.06898868 -0.9976174 0 -0.001155403 -0.9999771 0.006663124 -0.06862294 -0.9976426 0 -0.06896717 -0.9976189 0 0 -0.9999727 0.007396348 -0.07042014 -0.9975175 0 0 -0.9999644 0.00843948 -0.0721625 -0.9973929 0 -0.001108543 -0.9999583 0.009068991 1 0 0 1 0 0 1 0 0 1 0 0 -1 0 0 -1 0 0 -1 0 0 -1 0 0 1 0 0 1 0 0 1 0 0 1 0 0 -1 0 0 -1 0 0 -1 0 0 -1 0 0 1 0 0 1 0 0 1 0 0 1 0 0 1 0 0 1 0 0 1 0 0 1 0 0 -1 0 0 -1 0 0 -1 0 0 -1 0 0 0 1 0 0 1 0 0 1 0 0 1 0 -1 0 0 -1 0 0 -1 0 0 -1 0 0 1 0 0 1 0 0 1 0 0 1 0 0 1 0 0 1 0 0 1 0 0 1 0 0 -1 0 0 -1 0 0 -1 0 0 -1 0 0 1 0 0 1 0 0 1 0 0 1 0 0 -1 0 0 -1 0 0 -1 0 0 -1 0 0 1 0 0 1 0 0 1 0 0 1 0 0 1 0 0 1 0 0 1 0 0 1 0 0 1 0 0 1 0 0 1 0 0 1 0 0 -0.9999982 0 -0.001894557 -0.9999975 0 0.002258312 -1 0 0 -0.999585 0.002317237 0.02871379 -0.9991431 0.002896882 0.04128759 -0.9963658 0.005974912 0.08496679 1 0 0 1 0 0 1 0 0 1 0 0 1 0 0 1 0 0 1 0 0 1 0 0 1 0 0 1 0 0 1 0 0 1 0 0 -0.9989642 0.003417789 0.0453763 -0.9971187 0.005639789 0.07564803 -1 0 0 -0.9938771 0.008118218 0.1101925 1 0 0 1 0 0 1 0 0 1 0 0 1 0 0 1 0 0 1 0 0 1 0 0 -0.9999872 0 -0.005063467 -0.9999915 0 0.004112511 -1 0 0 -0.9995664 -0.002353865 -0.02934916 -0.9989628 -0.002970822 -0.04543807 -0.9961749 -0.005949911 -0.08717807 1 0 0 1 0 0 1 0 0 1 0 0 1 0 0 1 0 0 1 0 0 1 0 0 1 0 0 1 0 0 1 0 0 1 0 0 -0.9967931 -0.004938193 -0.0798696 -0.9959422 -0.005537401 -0.08982506 -0.9885704 -0.009109264 -0.1504846 -1 0 0  
					<BiTangents>: 214 0.5399026 -0.8398011 0.05691586 0 -1 0 0.4979697 -0.8670763 0.01430984 0 -0.998947 0.04588005 -0.5399026 -0.8398011 0.05691587 -0.4979696 -0.8670764 0.01430983 0 1 0 -0.5396081 0.8392826 0.0665433 -0.5014836 0.8650009 0.01695938 0 0.9985492 0.05384612 0.5396082 0.8392825 0.06654329 0.5014836 0.8650009 0.01695937 -0.008465573 0.1040206 0.9945391 0 0.09587003 0.9953939 -0.007640382 0.093232 0.9956151 0 0.1062167 0.994343 0.00761495 0.09375326 0.9955664 0.00841354 0.1038694 0.9945554 -0.008843276 0.1094402 0.9939541 0.008851963 0.1094215 0.993956 0 0.1086211 0.9940832 -0.009506653 0.1162482 0.9931747 0.009503484 0.1161159 0.9931902 0 0.1141512 0.9934634 -0.01096608 0.1318181 0.9912132 0.01096608 0.1318182 0.9912132 0 0.1270066 0.9919018 0.1001943 0.006955325 0.9949436 0.0960735 0.006631841 0.9953522 0.0924032 0.006502565 0.9957004 0.1016854 0.00696267 0.9947922 0.1078038 0.007450277 0.9941443 0.1065526 0.007349044 0.9942799 0.1186398 0.00837019 0.9929021 0.1144817 0.008212495 0.9933914 0.1297586 0.009388113 0.9915012 0.1213214 0.009136406 0.9925712 0.007966397 -0.09788653 0.9951657 0 -0.09587043 0.9953938 0.007640428 -0.09323274 0.995615 0 -0.09964538 0.995023 -0.007614931 -0.09375279 0.9955664 -0.007888685 -0.0973897 0.9952151 0.008789998 -0.1086057 0.994046 -0.008781122 -0.108621 0.9940444 0 -0.1086518 0.9940799 0.01009627 -0.1232491 0.9923244 -0.01009971 -0.1233902 0.9923068 0 -0.1206929 0.9926899 0.01096607 -0.1318184 0.9912133 -0.01096603 -0.131818 0.9912133 0 -0.1270068 0.9919019 -0.09750071 -0.006768074 0.9952125 -0.09607314 -0.006631837 0.9953522 -0.0924041 -0.006502599 0.9957003 -0.09932214 -0.006801768 0.9950321 -0.1075325 -0.007410404 0.9941739 -0.1065892 -0.007353329 0.9942759 -0.1215629 -0.008562752 0.9925468 -0.1168042 -0.008380444 0.9931196 -0.1297584 -0.009388122 0.9915012 -0.1213223 -0.009136647 0.9925711 0 1 0 0.5399027 0.839801 0.05691588 0.4979697 0.8670763 0.01430984 0 0.998947 0.04588005 -0.5399026 0.8398011 0.05691586 -0.49797 0.8670762 0.01430984 0 -1 0 0.5396082 -0.8392825 0.06654314 0.5014839 -0.8650008 0.01695919 0 -0.9985493 0.05384596 -0.5396084 -0.8392823 0.06654314 -0.5014842 -0.8650006 0.0169592 0.1016826 -0.006962312 0.9947925 0.0932673 -0.00644974 0.9956202 0.09606664 -0.006743331 0.9953521 0.09926073 -0.006827637 0.995038 0.1078442 -0.007429531 0.99414 0.1065543 -0.007348265 0.9942797 0.1189606 -0.008374219 0.9928637 0.1144817 -0.00821107 0.9933914 0.1297584 -0.009388067 0.9915012 0.1213214 -0.009136578 0.9925712 -0.09931739 0.006903579 0.9950318 -0.09326731 0.006449756 0.9956202 -0.09606627 0.006743304 0.9953521 -0.09737936 0.006698248 0.9952248 -0.107495 0.00743132 0.9941779 -0.1065875 0.007354213 0.9942761 -0.1212325 0.008558455 0.9925872 -0.1168042 0.008381712 0.9931196 -0.1297582 0.009388155 0.9915012 -0.1213223 0.009136491 0.9925711 0 -1 5.179967E-07 0 -1 5.179967E-07 0 -1 1.035993E-06 0 -1 0 0 0.005105776 0.999987 0 0.005105776 0.999987 0 0.005105774 0.999987 0 0.005105778 0.999987 0 -1 0.0001273718 0 -1 0.0001429254 0 -1 0.0002017548 0 -1 6.844213E-05 0 0.002151892 0.9999977 0 0.002151891 0.9999977 0 0.00215189 0.9999977 0 0.002151893 0.9999977 0 1 0 0 1 0 0 1 0 0 1 0 0 -1 0 0 -1 0 0 -1 0 0 -1 0 0 0.001484929 0.9999989 0 0.001484858 0.9999989 0 0.001484588 0.9999989 0 0.001485199 0.9999989 0.0005781235 0 0.9999999 0.0005781235 0 0.9999999 0.0005781238 0 0.9999999 0.0005781234 0 0.9999999 0 -0.0001899708 1 0 -0.0001898982 1 0 -0.000189623 1 0 -0.0001902463 1 0 -1 0 0 -1 0 0 -1 0.0002321273 0 -1 -0.0002319018 0 -1 4.376311E-07 0 -1 4.376309E-07 0 -1 0 0 -1 8.752623E-07 0 -0.001729262 0.9999985 0 -0.001729262 0.9999985 0 -0.001729262 0.9999985 0 -0.001729262 0.9999985 0 -1 0.0001953373 0 -1 0.0001953158 0 -1 0.0001952342 0 -1 0.000195419 0 -0.00286615 0.9999959 0 -0.002866242 0.9999959 0 -0.002866592 0.9999959 0 -0.002865799 0.9999959 0 1 0.0001642816 0 1 0.0001300442 0 1 0 0 1 0.0002944718 0 1 -3.213208E-07 0 1 -4.748824E-07 0 1 0 0 1 -7.962036E-07 0 -1 4.589971E-07 0 -1 3.883509E-07 0 -1 2.817532E-07 0 -1 5.65915E-07 -0.001891381 0.05788714 0.9983214 0.002255203 0.05244933 0.998621 0 0.05798128 0.9983177 0.02879437 0.05069818 0.9982988 0.04137583 0.04465332 0.9981453 0.08514254 0.04164942 0.9954979 0 1 0 0 1 -1.859219E-05 0 1 -1.898093E-05 0 1 -2.031488E-05 0 1 0 0 1 4.554627E-05 0 -1 -3.140143E-05 0 -1 -2.430269E-05 0 -1 -3.221893E-05 0 -1 -2.165975E-05 0 -1 -4.251641E-05 0 -1 -5.41955E-05 0.04548387 0.04472911 0.9979632 0.07582301 0.04382377 0.9961578 0 0.04590669 0.9989458 0.1104401 0.04267282 0.9929663 0 1 0 0 1 0 0 1 0 0 1 0 0 -1 4.761257E-07 0 -1 1.740494E-07 0 -1 9.33299E-07 0 -1 -2.817537E-07 -0.005056502 0.05243142 0.9986117 0.004105654 0.05772524 0.9983241 0 0.0579359 0.9983203 -0.02943055 0.05042395 0.9982942 -0.04552539 0.04456748 0.9979685 -0.08735034 0.04143268 0.9953157 0 1 0 0 1 0 0 1 0 0 1 -1.289049E-05 0 1 -1.753514E-05 0 1 -4.559466E-05 0 -1 -1.145835E-05 0 -1 -1.66462E-05 0 -1 0 0 -1 -1.345406E-05 0 -1 4.815976E-06 0 -1 2.845289E-05 -0.08001285 0.04631699 0.9957172 -0.08998515 0.04608294 0.9948764 -0.1507425 0.04449146 0.9875714 0 0.04792106 0.9988512  
					<SubMeshes>: 1
						<SubMesh>: 0 438 0 1 2 1 0 3 4 1 3 1 4 5 6 7 8 7 6 9 6 10 9 10 6 11 12 13 14 13 12 15 15 16 13 16 15 17 18 15 12 15 19 17 15 18 20 19 15 20 21 20 18 20 22 19 20 21 23 22 20 23 24 23 21 23 25 22 23 24 26 25 23 26 27 28 29 28 27 30 31 30 27 30 31 32 33 32 31 32 33 34 35 34 33 34 35 36 37 38 39 38 37 40 40 41 38 41 40 42 43 40 37 40 44 42 40 43 45 44 40 45 46 45 43 45 47 44 45 46 48 47 45 48 49 48 46 48 50 47 48 49 51 50 48 51 52 53 54 53 52 55 56 55 52 55 56 57 58 57 56 57 58 59 60 59 58 59 60 61 62 63 64 63 62 65 62 66 65 66 62 67 68 69 70 69 68 71 68 72 71 72 68 73 74 75 76 75 74 77 74 78 77 78 74 79 79 80 78 80 79 81 81 82 80 82 81 83 84 85 86 85 84 87 84 88 87 88 84 89 89 90 88 90 89 91 91 92 90 92 91 93 94 95 96 95 94 97 98 99 100 99 98 101 102 103 104 103 102 105 106 107 108 107 106 109 110 111 112 111 110 113 114 115 116 115 114 117 118 119 120 119 118 121 122 123 124 123 122 125 126 127 128 127 126 129 130 131 132 131 130 133 134 135 136 135 134 137 138 139 140 139 138 141 142 143 144 143 142 145 146 147 148 147 146 149 150 151 152 151 150 153 154 155 156 155 154 157 158 159 160 159 158 161 162 163 164 163 162 165 165 166 163 166 165 167 168 169 170 169 168 171 168 172 171 172 168 173 174 175 176 175 174 177 174 178 177 178 174 179 180 181 182 181 180 183 184 185 186 185 184 187 188 189 190 189 188 191 192 193 194 193 192 195 196 195 192 195 196 197 198 199 200 199 198 201 201 202 199 202 201 203 204 205 206 205 204 207 207 208 205 208 207 209 210 211 212 211 210 213  
				</Mesh>
				<Materials>: 1
					<Material>: 0
						<AlbedoColor>: 1 1 1 1
						<EmissiveColor>: 0 0 0 1
						<Glossiness>: 0.1414213
						<Metallic>: 0
						<SpecularHighlight>: 1
						<GlossyReflection>: 1
						<AlbedoMap>: Slime_Cube
						<MetallicMap>: null
						<NormalMap>: null
						<EmissionMap>: null
						<DetailAlbedoMap>: null
						<DetailNormalMap>: null
				</Materials>
				<Children>: 0
			</Frame>
	</Frame>
</Hierarchy>
<Animation>:
	<AnimationSets>: 1
		<FrameNames>: 9 Slime_Cube RigHub RigSpine1 RigSpine2 RigSpine3 RigEyeL RigEyeR RigSpine4 Slime_Cube  
		<AnimationSet>: 0 Move_Forward_In_Place 0.8333334 30 26
			<Transforms>: 0 0 1 0 0 0 0 1 0 0 0 0 1 0 0 0 0 1 0 -1 0 0 -2.384186E-07 0 1 0 -1 0 -2.384186E-07 0 6.59834E-09 -7.119426E-09 -0.04369873 1 0.999999 0 0.001365121 0 -3.266907E-06 0.9999971 0.002393124 0 -0.001365117 -0.002393126 0.9999962 0 0 0 0 1 0.9907397 -0.1355035 0.008580696 0 0.1352963 0.9905756 0.02133024 0 -0.01139015 -0.01997178 0.9997357 0 -0.1020665 0 -1.862645E-11 1 0.9854407 -0.1700101 0.001766827 0 0.1699903 0.9854113 0.008233325 0 -0.0031408 -0.00781311 0.9999645 0 -0.09668985 -4.768371E-09 -2.980232E-10 1 1 0 0 0 0 1 4.324428E-21 0 0 -4.324428E-21 1 0 -0.03559404 0.2365403 0.1074727 1 1 0 0 0 0 1 1.862645E-09 0 0 -1.862645E-09 1 0 -0.03559404 0.2365403 -0.1074727 1 0.9835187 -0.1808021 -0.001308029 0 0.1805722 0.982585 -0.04382309 0 0.009208554 0.04286463 0.9990385 0 -0.09986501 0 0 1 1 0 0 0 0 -1.192093E-07 -1 0 0 1 -1.192093E-07 0 0 0 -2.921522E-08 1  
			<Transforms>: 1 0.03333334 1 0 0 0 0 1 0 0 0 0 1 0 0 0 0 1 0 -1 0 0 -2.384186E-07 0 1 0 -1 0 -2.384186E-07 0 5.901367E-09 -6.36741E-09 -0.03908288 1 0.999999 0 0.001365121 0 -3.266907E-06 0.9999971 0.002393124 0 -0.001365117 -0.002393126 0.9999962 0 0 0 0 1 0.9930412 -0.1174217 0.009025491 0 0.1172093 0.9928796 0.02126142 0 -0.01145778 -0.0200556 0.9997332 0 -0.1020665 0 -1.862645E-11 1 0.988799 -0.1491813 0.004637052 0 0.1490788 0.988668 0.0176387 0 -0.007215869 -0.01674985 0.9998336 0 -0.09668985 -4.768371E-09 -2.980232E-10 1 1 0 0 0 0 1 4.324428E-21 0 0 -4.324428E-21 1 0 -0.03559404 0.2365403 0.1074727 1 1 0 0 0 0 1 1.862645E-09 0 0 -1.862645E-09 1 0 -0.03559404 0.2365403 -0.1074727 1 0.9874848 -0.1576865 -0.002975911 0 0.157503 0.9869615 -0.03316437 0 0.008166684 0.0322806 0.9994455 0 -0.09986501 0 0 1 1 0 0 0 0 -1.192093E-07 -1 0 0 1 -1.192093E-07 0 0 0 -2.921522E-08 1  
			<Transforms>: 2 0.06666667 1 0 0 0 0 1 0 0 0 0 1 0 0 0 0 1 0 -1 0 0 -2.384186E-07 0 1 0 -1 0 -2.384186E-07 0 4.62321E-09 -4.988312E-09 -0.03061804 1 0.999999 0 0.001365121 0 -3.266907E-06 0.9999971 0.002393124 0 -0.001365117 -0.002393126 0.9999962 0 0 0 0 1 0.9961168 -0.08755191 0.009276077 0 0.08735208 0.9959744 0.02011514 0 -0.01099985 -0.01922674 0.9997547 0 -0.1020665 0 -1.862645E-11 1 0.9933793 -0.1145656 0.00850178 0 0.1143121 0.9931062 0.02593829 0 -0.0114148 -0.0247947 0.9996274 0 -0.09668985 -4.768371E-09 -2.980232E-10 1 1 0 0 0 0 1 4.324428E-21 0 0 -4.324428E-21 1 0 -0.03559404 0.2365403 0.1074727 1 1 0 0 0 0 1 1.862645E-09 0 0 -1.862645E-09 1 0 -0.03559404 0.2365403 -0.1074727 1 0.9929007 -0.1188698 -0.004264914 0 0.1187527 0.9926921 -0.02145099 0 0.006783621 0.02079223 0.9997608 0 -0.09986501 0 0 1 1 0 0 0 0 -1.192093E-07 -1 0 0 1 -1.192093E-07 0 0 0 -2.921522E-08 1  
			<Transforms>: 3 0.1 1 0 0 0 0 1 0 0 0 0 1 0 0 0 0 1 0 -1 0 0 -2.384186E-07 0 1 0 -1 0 -2.384186E-07 0 3.476738E-09 -3.751297E-09 -0.0230253 1 0.999999 0 0.001365121 0 -3.266907E-06 0.9999971 0.002393124 0 -0.001365117 -0.002393126 0.9999962 0 0 0 0 1 0.9987971 -0.04818207 0.009099595 0 0.04801402 0.998687 0.01786167 0 -0.009948259 -0.01740327 0.9997991 0 -0.1020665 0 -1.862645E-11 1 0.9977804 -0.06520309 0.01352251 0 0.06474669 0.9973944 0.03181602 0 -0.01556178 -0.03086987 0.9994023 0 -0.09668985 -4.768371E-09 -2.980232E-10 1 1 0 0 0 0 1 4.324428E-21 0 0 -4.324428E-21 1 0 -0.03559404 0.2365403 0.1074727 1 1 0 0 0 0 1 1.862645E-09 0 0 -1.862645E-09 1 0 -0.03559404 0.2365403 -0.1074727 1 0.9979986 -0.06315894 -0.003130428 0 0.06312896 0.9979657 -0.008897219 0 0.003685999 0.008681791 0.9999555 0 -0.09986501 0 0 1 1 0 0 0 0 -1.192093E-07 -1 0 0 1 -1.192093E-07 0 0 0 -2.921522E-08 1  
			<Transforms>: 4 0.1333333 1 0 0 0 0 1 0 0 0 0 1 0 0 0 0 1 0 -1 0 0 -2.384186E-07 0 1 0 -1 0 -2.384186E-07 0 2.667236E-09 -2.877864E-09 -0.01766421 1 0.999999 0 0.001365121 0 -3.266907E-06 0.9999971 0.002393124 0 -0.001365117 -0.002393126 0.9999962 0 0 0 0 1 0.9999647 -0.001655425 0.008238104 0 0.001535879 0.9998937 0.01449663 0 -0.008261227 -0.01448346 0.999861 0 -0.1020665 0 -1.862645E-11 1 0.9998022 -0.00595153 0.01897666 0 0.005297336 0.9993962 0.03433944 0 -0.01916957 -0.03423212 0.99923 0 -0.09668985 -4.768371E-09 -2.980232E-10 1 1 0 0 0 0 1 4.324428E-21 0 0 -4.324428E-21 1 0 -0.03559404 0.2365403 0.1074727 1 1 0 0 0 0 1 1.862645E-09 0 0 -1.862645E-09 1 0 -0.03559404 0.2365403 -0.1074727 1 0.999989 0.003928197 0.002575896 0 -0.003935463 0.9999883 0.00282184 0 -0.002564781 -0.002831947 0.9999927 0 -0.09986501 0 0 1 1 0 0 0 0 -1.192093E-07 -1 0 0 1 -1.192093E-07 0 0 0 -2.921522E-08 1  
			<Transforms>: 5 0.1666667 1 0 0 0 0 1 0 0 0 0 1 0 0 0 0 1 0 -1 0 0 -2.384186E-07 0 1 0 -1 0 -2.384186E-07 0 1.913884E-09 -2.065016E-09 -0.01267498 1 0.999999 0 0.001365121 0 -3.266907E-06 0.9999971 0.002393124 0 -0.001365117 -0.002393126 0.9999962 0 0 0 0 1 0.9989109 0.0462143 0.00642485 0 -0.04627851 0.9988762 0.01023184 0 -0.005944772 -0.01051803 0.999927 0 -0.1020665 0 -1.862645E-11 1 0.9983107 0.05312388 0.02352794 0 -0.05390501 0.99797 0.0339136 0 -0.02167856 -0.03512459 0.9991478 0 -0.09668985 -4.768371E-09 -2.980232E-10 1 1 0 0 0 0 1 4.324428E-21 0 0 -4.324428E-21 1 0 -0.03559404 0.2365403 0.1074727 1 1 0 0 0 0 1 1.862645E-09 0 0 -1.862645E-09 1 0 -0.03559404 0.2365403 -0.1074727 1 0.9974148 0.07081845 0.01218232 0 -0.07096504 0.9974059 0.0120535 0 -0.01129711 -0.01288686 0.9998531 0 -0.09986501 0 0 1 1 0 0 0 0 -1.192093E-07 -1 0 0 1 -1.192093E-07 0 0 0 -2.921522E-08 1  
			<Transforms>: 6 0.2 1 0 0 0 0 1 0 0 0 0 1 0 0 0 0 1 0 -1 0 0 -2.384186E-07 0 1 0 -1 0 -2.384186E-07 0 1.241386E-09 -1.339408E-09 -0.008221232 1 0.999999 0 0.001365121 0 -3.266907E-06 0.9999971 0.002393124 0 -0.001365117 -0.002393126 0.9999962 0 0 0 0 1 0.9961291 0.08782338 0.003731627 0 -0.08784318 0.996119 0.005522586 0 -0.003232132 -0.005829006 0.9999778 0 -0.1020665 0 -1.862645E-11 1 0.9941097 0.1051286 0.02634142 0 -0.1059336 0.9938806 0.03129517 0 -0.02289021 -0.03390127 0.999163 0 -0.09668985 -4.768371E-09 -2.980232E-10 1 1 0 0 0 0 1 4.324428E-21 0 0 -4.324428E-21 1 0 -0.03559404 0.2365403 0.1074727 1 1 0 0 0 0 1 1.862645E-09 0 0 -1.862645E-09 1 0 -0.03559404 0.2365403 -0.1074727 1 0.9912943 0.129566 0.02341469 0 -0.1300137 0.9913353 0.01872742 0 -0.02078538 -0.02160862 0.9995504 0 -0.09986501 0 0 1 1 0 0 0 0 -1.192093E-07 -1 0 0 1 -1.192093E-07 0 0 0 -2.921522E-08 1  
			<Transforms>: 7 0.2333333 1 0 0 0 0 1 0 0 0 0 1 0 0 0 0 1 0 -1 0 0 -2.384186E-07 0 1 0 -1 0 -2.384186E-07 0 6.839878E-10 -7.37989E-10 -0.004529746 1 0.999999 0 0.001365121 0 -3.266907E-06 0.9999971 0.002393124 0 -0.001365117 -0.002393126 0.9999962 0 0 0 0 1 0.992995 0.1181552 0.0004611696 0 -0.1181555 0.9929948 0.0007055298 0 -0.0003745771 -0.0007550773 0.9999996 0 -0.1020665 0 -1.862645E-11 1 0.9893188 0.1432976 0.02672176 0 -0.1440182 0.9891976 0.0273295 0 -0.02251685 -0.03088601 0.9992692 0 -0.09668985 -4.768371E-09 -2.980232E-10 1 1 0 0 0 0 1 4.324428E-21 0 0 -4.324428E-21 1 0 -0.03559404 0.2365403 0.1074727 1 1 0 0 0 0 1 1.862645E-09 0 0 -1.862645E-09 1 0 -0.03559404 0.2365403 -0.1074727 1 0.984425 0.1724974 0.03394114 0 -0.1733271 0.9845905 0.02322287 0 -0.02941224 -0.02874409 0.999154 0 -0.09986501 0 0 1 1 0 0 0 0 -1.192093E-07 -1 0 0 1 -1.192093E-07 0 0 0 -2.921522E-08 1  
			<Transforms>: 8 0.2666667 1 0 0 0 0 1 0 0 0 0 1 0 0 0 0 1 0 -1 0 0 -2.384186E-07 0 1 0 -1 0 -2.384186E-07 0 2.759323E-10 -2.977074E-10 -0.001827315 1 0.999999 0 0.001365121 0 -3.266907E-06 0.9999971 0.002393124 0 -0.001365117 -0.002393126 0.9999962 0 0 0 0 1 0.9912069 0.1322866 -0.003009132 0 -0.1322979 0.9912021 -0.003949561 0 0.002460184 0.004312934 0.9999877 0 -0.1020665 0 -1.862645E-11 1 0.9866489 0.1610632 0.02413776 0 -0.1616122 0.9865901 0.02283575 0 -0.02013608 -0.02643182 0.9994478 0 -0.09668985 -4.768371E-09 -2.980232E-10 1 1 0 0 0 0 1 4.324428E-21 0 0 -4.324428E-21 1 0 -0.03559404 0.2365403 0.1074727 1 1 0 0 0 0 1 1.862645E-09 0 0 -1.862645E-09 1 0 -0.03559404 0.2365403 -0.1074727 1 0.9804593 0.1922984 0.04148272 0 -0.1934676 0.9807551 0.02626347 0 -0.03563397 -0.03377583 0.998794 0 -0.09986501 0 0 1 1 0 0 0 0 -1.192093E-07 -1 0 0 1 -1.192093E-07 0 0 0 -2.921522E-08 1  
			<Transforms>: 9 0.3 1 0 0 0 0 1 0 0 0 0 1 0 0 0 0 1 0 -1 0 0 -2.384186E-07 0 1 0 -1 0 -2.384186E-07 0 4.251284E-11 -4.585356E-11 -0.0002814472 1 0.999999 0 0.001365121 0 -3.266907E-06 0.9999971 0.002393124 0 -0.001365117 -0.002393126 0.9999962 0 0 0 0 1 0.9910561 0.1333088 -0.006037277 0 -0.1333549 0.9910361 -0.008001363 0 0.004916506 0.008734901 0.9999498 0 -0.1020665 0 -1.862645E-11 1 0.986572 0.162185 0.01928088 0 -0.1625251 0.9865472 0.01761427 0 -0.01616472 -0.02051137 0.9996589 0 -0.09668985 -4.768371E-09 -2.980232E-10 1 1 0 0 0 0 1 4.324428E-21 0 0 -4.324428E-21 1 0 -0.03559404 0.2365403 0.1074727 1 1 0 0 0 0 1 1.862645E-09 0 0 -1.862645E-09 1 0 -0.03559404 0.2365403 -0.1074727 1 0.9801791 0.1930059 0.04469454 0 -0.1943699 0.9805153 0.02846206 0 -0.03833034 -0.03658519 0.9985952 0 -0.09986501 0 0 1 1 0 0 0 0 -1.192093E-07 -1 0 0 1 -1.192093E-07 0 0 0 -2.921522E-08 1  
			<Transforms>: 10 0.3333333 1 0 0 0 0 1 0 0 0 0 1 0 0 0 0 1 0 -1 0 0 -2.384186E-07 0 1 0 -1 0 -2.384186E-07 0 1.217308E-11 -1.311771E-11 -8.051596E-05 1 0.999999 0 0.001365121 0 -3.266907E-06 0.9999971 0.002393124 0 -0.001365117 -0.002393126 0.9999962 0 0 0 0 1 0.9917209 0.1281452 -0.008270406 0 -0.1282333 0.9916809 -0.01118796 0 0.006767921 0.01215587 0.9999032 0 -0.1020665 0 -1.862645E-11 1 0.9877456 0.1554937 0.01343256 0 -0.1556467 0.9877492 0.01121215 0 -0.01152458 -0.01316548 0.9998469 0 -0.09668985 -4.768371E-09 -2.980232E-10 1 1 0 0 0 0 1 4.324428E-21 0 0 -4.324428E-21 1 0 -0.03559404 0.2365403 0.1074727 1 1 0 0 0 0 1 1.862645E-09 0 0 -1.862645E-09 1 0 -0.03559404 0.2365403 -0.1074727 1 0.9818425 0.1844913 0.04413853 0 -0.1858812 0.9821216 0.0297529 0 -0.03786026 -0.03741719 0.9985822 0 -0.09986501 0 0 1 1 0 0 0 0 -1.192093E-07 -1 0 0 1 -1.192093E-07 0 0 0 -2.921522E-08 1  
			<Transforms>: 11 0.3666667 1 0 0 0 0 1 0 0 0 0 1 0 0 0 0 1 0 -1 0 0 -2.384186E-07 0 1 0 -1 0 -2.384186E-07 0 1.551647E-10 -1.674021E-10 -0.001027507 1 0.999999 0 0.001365121 0 -3.266907E-06 0.9999971 0.002393124 0 -0.001365117 -0.002393126 0.9999962 0 0 0 0 1 0.9930096 0.1176309 -0.009737011 0 -0.1177566 0.9929501 -0.01354033 0 0.008075606 0.01459227 0.9998609 0 -0.1020665 0 -1.862645E-11 1 0.9898331 0.1420588 0.007057772 0 -0.1420889 0.989846 0.00396038 0 -0.0064235 -0.004922946 0.9999673 0 -0.09668985 -4.768371E-09 -2.980232E-10 1 1 0 0 0 0 1 4.324428E-21 0 0 -4.324428E-21 1 0 -0.03559404 0.2365403 0.1074727 1 1 0 0 0 0 1 1.862645E-09 0 0 -1.862645E-09 1 0 -0.03559404 0.2365403 -0.1074727 1 0.9849143 0.1682407 0.04048271 0 -0.1694964 0.985078 0.02987019 0 -0.03485325 -0.03628125 0.9987336 0 -0.09986501 0 0 1 1 0 0 0 0 -1.192093E-07 -1 0 0 1 -1.192093E-07 0 0 0 -2.921522E-08 1  
			<Transforms>: 12 0.4 1 0 0 0 0 1 0 0 0 0 1 0 0 0 0 1 0 -1 0 0 -2.384186E-07 0 1 0 -1 0 -2.384186E-07 0 4.443574E-10 -4.794339E-10 -0.002942745 1 0.999999 0 0.001365121 0 -3.266907E-06 0.9999971 0.002393124 0 -0.001365117 -0.002393126 0.9999962 0 0 0 0 1 0.9946683 0.102592 -0.01048327 0 -0.1027432 0.9945937 -0.01507436 0 0.00888009 0.01607107 0.9998314 0 -0.1020665 0 -1.862645E-11 1 0.9924126 0.1229504 0.0006167894 0 -0.1229472 0.992406 -0.003797914 0 -0.001079061 0.003693266 0.9999926 0 -0.09668985 -4.768371E-09 -2.980232E-10 1 1 0 0 0 0 1 4.324428E-21 0 0 -4.324428E-21 1 0 -0.03559404 0.2365403 0.1074727 1 1 0 0 0 0 1 1.862645E-09 0 0 -1.862645E-09 1 0 -0.03559404 0.2365403 -0.1074727 1 0.9887285 0.1457072 0.03442978 0 -0.1467055 0.9887697 0.02849608 0 -0.02989104 -0.03322593 0.9990008 0 -0.09986501 0 0 1 1 0 0 0 0 -1.192093E-07 -1 0 0 1 -1.192093E-07 0 0 0 -2.921522E-08 1  
			<Transforms>: 13 0.4333333 1 0 0 0 0 1 0 0 0 0 1 0 0 0 0 1 0 -1 0 0 -2.384186E-07 0 1 0 -1 0 -2.384186E-07 0 8.663267E-10 -9.347286E-10 -0.005737325 1 0.999999 0 0.001365121 0 -3.266907E-06 0.9999971 0.002393124 0 -0.001365117 -0.002393126 0.9999962 0 0 0 0 1 0.9964219 0.08385488 -0.01056939 0 -0.08401547 0.9963393 -0.01579536 0 0.009206178 0.01662683 0.9998194 0 -0.1020665 0 -1.862645E-11 1 0.9950467 0.09925844 -0.005450094 0 -0.09931654 0.9949872 -0.01169229 0 0.004262215 0.01217566 0.9999168 0 -0.09668985 -4.768371E-09 -2.980232E-10 1 1 0 0 0 0 1 4.324428E-21 0 0 -4.324428E-21 1 0 -0.03559404 0.2365403 0.1074727 1 1 0 0 0 0 1 1.862645E-09 0 0 -1.862645E-09 1 0 -0.03559404 0.2365403 -0.1074727 1 0.9926129 0.1183458 0.02671875 0 -0.1190218 0.992569 0.02530814 0 -0.02352509 -0.0283013 0.9993226 0 -0.09986501 0 0 1 1 0 0 0 0 -1.192093E-07 -1 0 0 1 -1.192093E-07 0 0 0 -2.921522E-08 1  
			<Transforms>: 14 0.4666667 1 0 0 0 0 1 0 0 0 0 1 0 0 0 0 1 0 -1 0 0 -2.384186E-07 0 1 0 -1 0 -2.384186E-07 0 1.402509E-09 -1.513257E-09 -0.009288307 1 0.999999 0 0.001365121 0 -3.266907E-06 0.9999971 0.002393124 0 -0.001365117 -0.002393126 0.9999962 0 0 0 0 1 0.9980096 0.06225329 -0.01006623 0 -0.06240653 0.9979273 -0.01570256 0 0.009067827 0.0162995 0.999826 0 -0.1020665 0 -1.862645E-11 1 0.9973394 0.07210365 -0.01073539 0 -0.07230119 0.9971958 -0.01931635 0 0.00931251 0.02004113 0.9997558 0 -0.09668985 -4.768371E-09 -2.980232E-10 1 1 0 0 0 0 1 4.324428E-21 0 0 -4.324428E-21 1 0 -0.03559404 0.2365403 0.1074727 1 1 0 0 0 0 1 1.862645E-09 0 0 -1.862645E-09 1 0 -0.03559404 0.2365403 -0.1074727 1 0.9959877 0.08763716 0.01812045 0 -0.08799536 0.9959198 0.02001681 0 -0.01629229 -0.02153101 0.9996354 0 -0.09986501 0 0 1 1 0 0 0 0 -1.192093E-07 -1 0 0 1 -1.192093E-07 0 0 0 -2.921522E-08 1  
			<Transforms>: 15 0.5 1 0 0 0 0 1 0 0 0 0 1 0 0 0 0 1 0 -1 0 0 -2.384186E-07 0 1 0 -1 0 -2.384186E-07 0 2.034342E-09 -2.194989E-09 -0.01347275 1 0.999999 0 0.001365121 0 -3.266907E-06 0.9999971 0.002393124 0 -0.001365117 -0.002393126 0.9999962 0 0 0 0 1 0.9992125 0.03863148 -0.009052036 0 -0.03876265 0.999139 -0.01479322 0 0.008472757 0.01513246 0.9998496 0 -0.1020665 0 -1.862645E-11 1 0.9989799 0.04263791 -0.01487405 0 -0.04301772 0.9987301 -0.02622523 0 0.01373697 0.02683832 0.9995454 0 -0.09668985 -4.768371E-09 -2.980232E-10 1 1 0 0 0 0 1 4.324428E-21 0 0 -4.324428E-21 1 0 -0.03559404 0.2365403 0.1074727 1 1 0 0 0 0 1 1.862645E-09 0 0 -1.862645E-09 1 0 -0.03559404 0.2365403 -0.1074727 1 0.9984367 0.0550944 0.009425458 0 -0.05520924 0.9983979 0.01239119 0 -0.008727673 -0.0128922 0.9998788 0 -0.09986501 0 0 1 1 0 0 0 0 -1.192093E-07 -1 0 0 1 -1.192093E-07 0 0 0 -2.921522E-08 1  
			<Transforms>: 16 0.5333334 1 0 0 0 0 1 0 0 0 0 1 0 0 0 0 1 0 -1 0 0 -2.384186E-07 0 1 0 -1 0 -2.384186E-07 0 2.743263E-09 -2.959896E-09 -0.01816772 1 0.999999 0 0.001365121 0 -3.266907E-06 0.9999971 0.002393124 0 -0.001365117 -0.002393126 0.9999962 0 0 0 0 1 0.9998752 0.01384323 -0.007608958 0 -0.01394186 0.9998174 -0.01306605 0 0.007426693 0.0131705 0.9998857 0 -0.1020665 0 -1.862645E-11 1 0.9997736 0.01203479 -0.01754869 0 -0.01259102 0.9994105 -0.03193859 0 0.01715398 0.03215231 0.9993358 0 -0.09668985 -4.768371E-09 -2.980232E-10 1 1 0 0 0 0 1 4.324428E-21 0 0 -4.324428E-21 1 0 -0.03559404 0.2365403 0.1074727 1 1 0 0 0 0 1 1.862645E-09 0 0 -1.862645E-09 1 0 -0.03559404 0.2365403 -0.1074727 1 0.9997513 0.02225791 0.001425984 0 -0.02226112 0.9997496 0.002271596 0 -0.001375066 -0.002302775 0.9999964 0 -0.09986501 0 0 1 1 0 0 0 0 -1.192093E-07 -1 0 0 1 -1.192093E-07 0 0 0 -2.921522E-08 1  
			<Transforms>: 17 0.5666667 1 0 0 0 0 1 0 0 0 0 1 0 0 0 0 1 0 -1 0 0 -2.384186E-07 0 1 0 -1 0 -2.384186E-07 0 3.510707E-09 -3.787948E-09 -0.02325026 1 0.999999 0 0.001365121 0 -3.266907E-06 0.9999971 0.002393124 0 -0.001365117 -0.002393126 0.9999962 0 0 0 0 1 0.9999198 -0.0112523 -0.005819389 0 0.01119063 0.999882 -0.0105238 0 0.005937119 0.01045784 0.9999277 0 -0.1020665 0 -1.862645E-11 1 0.9996574 -0.01852656 -0.01848934 0 0.01785311 0.9991942 -0.03594736 0 0.01914042 0.03560495 0.9991826 0 -0.09668985 -4.768371E-09 -2.980232E-10 1 1 0 0 0 0 1 4.324428E-21 0 0 -4.324428E-21 1 0 -0.03559404 0.2365403 0.1074727 1 1 0 0 0 0 1 1.862645E-09 0 0 -1.862645E-09 1 0 -0.03559404 0.2365403 -0.1074727 1 0.9999391 -0.01001837 -0.004616733 0 0.009976123 0.999909 -0.009084833 0 0.004707328 0.009038224 0.9999481 0 -0.09986501 0 0 1 1 0 0 0 0 -1.192093E-07 -1 0 0 1 -1.192093E-07 0 0 0 -2.921522E-08 1  
			<Transforms>: 18 0.6000001 1 0 0 0 0 1 0 0 0 0 1 0 0 0 0 1 0 -1 0 0 -2.384186E-07 0 1 0 -1 0 -2.384186E-07 0 4.305645E-09 -4.645667E-09 -0.0285149 1 0.999999 0 0.001365121 0 -3.266907E-06 0.9999971 0.002393124 0 -0.001365117 -0.002393126 0.9999962 0 0 0 0 1 0.999352 -0.03579681 -0.003762195 0 0.03576917 0.9993343 -0.007174965 0 0.004016532 0.007035745 0.9999672 0 -0.1020665 0 -1.862645E-11 1 0.9987004 -0.04788028 -0.01746638 0 0.04719527 0.9981731 -0.0377229 0 0.01924066 0.03684954 0.9991356 0 -0.09668985 -4.768371E-09 -2.980232E-10 1 1 0 0 0 0 1 4.324428E-21 0 0 -4.324428E-21 1 0 -0.03559404 0.2365403 0.1074727 1 1 0 0 0 0 1 1.862645E-09 0 0 -1.862645E-09 1 0 -0.03559404 0.2365403 -0.1074727 1 0.9991073 -0.0414404 -0.008206223 0 0.04126959 0.998948 -0.01999212 0 0.009026072 0.01963561 0.9997665 0 -0.09986501 0 0 1 1 0 0 0 0 -1.192093E-07 -1 0 0 1 -1.192093E-07 0 0 0 -2.921522E-08 1  
			<Transforms>: 19 0.6333334 1 0 0 0 0 1 0 0 0 0 1 0 0 0 0 1 0 -1 0 0 -2.384186E-07 0 1 0 -1 0 -2.384186E-07 0 5.017464E-09 -5.413701E-09 -0.03322906 1 0.999999 0 0.001365121 0 -3.266907E-06 0.9999971 0.002393124 0 -0.001365117 -0.002393126 0.9999962 0 0 0 0 1 0.9982604 -0.0589393 -0.001508912 0 0.05893452 0.9982572 -0.003034469 0 0.001685131 0.002940264 0.9999943 0 -0.1020665 0 -1.862645E-11 1 0.9970618 -0.07510231 -0.01507849 0 0.07450731 0.9965428 -0.03675896 0 0.01778704 0.0355275 0.9992104 0 -0.09668985 -4.768371E-09 -2.980232E-10 1 1 0 0 0 0 1 4.324428E-21 0 0 -4.324428E-21 1 0 -0.03559404 0.2365403 0.1074727 1 1 0 0 0 0 1 1.862645E-09 0 0 -1.862645E-09 1 0 -0.03559404 0.2365403 -0.1074727 1 0.9974072 -0.07130195 -0.00974019 0 0.07098259 0.9970284 -0.02993027 0 0.01184533 0.02916129 0.9995045 0 -0.09986501 0 0 1 1 0 0 0 0 -1.192093E-07 -1 0 0 1 -1.192093E-07 0 0 0 -2.921522E-08 1  
			<Transforms>: 20 0.6666668 1 0 0 0 0 1 0 0 0 0 1 0 0 0 0 1 0 -1 0 0 -2.384186E-07 0 1 0 -1 0 -2.384186E-07 0 5.56588E-09 -6.005429E-09 -0.03686105 1 0.999999 0 0.001365121 0 -3.266907E-06 0.9999971 0.002393124 0 -0.001365117 -0.002393126 0.9999962 0 0 0 0 1 0.9968072 -0.07984077 0.000879883 0 0.07983901 0.996806 0.001876448 0 -0.00102689 -0.001800208 0.9999979 0 -0.1020665 0 -1.862645E-11 1 0.9949371 -0.09975148 -0.01224281 0 0.09929968 0.994504 -0.03318766 0 0.01548604 0.03180392 0.9993742 0 -0.09668985 -4.768371E-09 -2.980232E-10 1 1 0 0 0 0 1 4.324428E-21 0 0 -4.324428E-21 1 0 -0.03559404 0.2365403 0.1074727 1 1 0 0 0 0 1 1.862645E-09 0 0 -1.862645E-09 1 0 -0.03559404 0.2365403 -0.1074727 1 0.9950491 -0.09891474 -0.009653147 0 0.0984774 0.9943978 -0.03840763 0 0.01339815 0.03726686 0.9992155 0 -0.09986501 0 0 1 1 0 0 0 0 -1.192093E-07 -1 0 0 1 -1.192093E-07 0 0 0 -2.921522E-08 1  
			<Transforms>: 21 0.7000002 1 0 0 0 0 1 0 0 0 0 1 0 0 0 0 1 0 -1 0 0 -2.384186E-07 0 1 0 -1 0 -2.384186E-07 0 5.975172E-09 -6.447045E-09 -0.03957167 1 0.999999 0 0.001365121 0 -3.266907E-06 0.9999971 0.002393124 0 -0.001365117 -0.002393126 0.9999962 0 0 0 0 1 0.9952122 -0.09768802 0.003119289 0 0.09766452 0.995195 0.006961149 0 -0.003784322 -0.006623176 0.9999709 0 -0.1020665 0 -1.862645E-11 1 0.9925594 -0.1214132 -0.009197257 0 0.121122 0.9922583 -0.02744125 0 0.01245778 0.02612309 0.9995811 0 -0.09668985 -4.768371E-09 -2.980232E-10 1 1 0 0 0 0 1 4.324428E-21 0 0 -4.324428E-21 1 0 -0.03559404 0.2365403 0.1074727 1 1 0 0 0 0 1 1.862645E-09 0 0 -1.862645E-09 1 0 -0.03559404 0.2365403 -0.1074727 1 0.9922947 -0.1236147 -0.008407369 0 0.1231189 0.9913728 -0.04496472 0 0.01389314 0.04358314 0.9989532 0 -0.09986501 0 0 1 1 0 0 0 0 -1.192093E-07 -1 0 0 1 -1.192093E-07 0 0 0 -2.921522E-08 1  
			<Transforms>: 22 0.7333335 1 0 0 0 0 1 0 0 0 0 1 0 0 0 0 1 0 -1 0 0 -2.384186E-07 0 1 0 -1 0 -2.384186E-07 0 6.264202E-09 -6.758902E-09 -0.04148583 1 0.999999 0 0.001365121 0 -3.266907E-06 0.9999971 0.002393124 0 -0.001365117 -0.002393126 0.9999962 0 0 0 0 1 0.9936728 -0.1122029 0.00497954 0 0.1121396 0.9936252 0.01156169 0 -0.006245051 -0.01093013 0.9999208 0 -0.1020665 0 -1.862645E-11 1 0.9901779 -0.1396785 -0.006136642 0 0.1395319 0.9900163 -0.01996592 0 0.008864184 0.01891355 0.9997818 0 -0.09668985 -4.768371E-09 -2.980232E-10 1 1 0 0 0 0 1 4.324428E-21 0 0 -4.324428E-21 1 0 -0.03559404 0.2365403 0.1074727 1 1 0 0 0 0 1 1.862645E-09 0 0 -1.862645E-09 1 0 -0.03559404 0.2365403 -0.1074727 1 0.989445 -0.144764 -0.006480727 0 0.1442765 0.9883148 -0.04917444 0 0.01352368 0.04772039 0.9987692 0 -0.09986501 0 0 1 1 0 0 0 0 -1.192093E-07 -1 0 0 1 -1.192093E-07 0 0 0 -2.921522E-08 1  
			<Transforms>: 23 0.7666669 1 0 0 0 0 1 0 0 0 0 1 0 0 0 0 1 0 -1 0 0 -2.384186E-07 0 1 0 -1 0 -2.384186E-07 0 6.451833E-09 -6.96135E-09 -0.04272846 1 0.999999 0 0.001365121 0 -3.266907E-06 0.9999971 0.002393124 0 -0.001365117 -0.002393126 0.9999962 0 0 0 0 1 0.9923406 -0.123361 0.006491922 0 0.1232484 0.9922538 0.01556353 0 -0.008361566 -0.0146442 0.9998578 0 -0.1020665 0 -1.862645E-11 1 0.9880437 -0.1541404 -0.003215166 0 0.1540959 0.9879922 -0.01121845 0 0.004905775 0.01058888 0.9999319 0 -0.09668985 -4.768371E-09 -2.980232E-10 1 1 0 0 0 0 1 4.324428E-21 0 0 -4.324428E-21 1 0 -0.03559404 0.2365403 0.1074727 1 1 0 0 0 0 1 1.862645E-09 0 0 -1.862645E-09 1 0 -0.03559404 0.2365403 -0.1074727 1 0.9868227 -0.1617469 -0.004352077 0 0.1613234 0.9856016 -0.05063806 0 0.01247996 0.0492687 0.9987076 0 -0.09986501 0 0 1 1 0 0 0 0 -1.192093E-07 -1 0 0 1 -1.192093E-07 0 0 0 -2.921522E-08 1  
			<Transforms>: 24 0.8000003 1 0 0 0 0 1 0 0 0 0 1 0 0 0 0 1 0 -1 0 0 -2.384186E-07 0 1 0 -1 0 -2.384186E-07 0 6.556925E-09 -7.074741E-09 -0.04342445 1 0.999999 0 0.001365121 0 -3.266907E-06 0.9999971 0.002393124 0 -0.001365117 -0.002393126 0.9999962 0 0 0 0 1 0.9913344 -0.131137 0.007684617 0 0.1309739 0.9912065 0.01885566 0 -0.01008972 -0.01768578 0.9997927 0 -0.1020665 0 -1.862645E-11 1 0.9863953 -0.1643897 -0.0005510257 0 0.1643886 0.9863942 -0.001662825 0 0.0008168799 0.00154962 0.9999985 0 -0.09668985 -4.768371E-09 -2.980232E-10 1 1 0 0 0 0 1 4.324428E-21 0 0 -4.324428E-21 1 0 -0.03559404 0.2365403 0.1074727 1 1 0 0 0 0 1 1.862645E-09 0 0 -1.862645E-09 1 0 -0.03559404 0.2365403 -0.1074727 1 0.9847494 -0.1739607 -0.002484709 0 0.1736327 0.9835919 -0.04897721 0 0.01096405 0.04779885 0.9987968 0 -0.09986501 0 0 1 1 0 0 0 0 -1.192093E-07 -1 0 0 1 -1.192093E-07 0 0 0 -2.921522E-08 1  
			<Transforms>: 25 0.8333336 1 0 0 0 0 1 0 0 0 0 1 0 0 0 0 1 0 -1 0 0 -2.384186E-07 0 1 0 -1 0 -2.384186E-07 0 6.59834E-09 -7.119426E-09 -0.04369873 1 0.999999 0 0.001365121 0 -3.266907E-06 0.9999971 0.002393124 0 -0.001365117 -0.002393126 0.9999962 0 0 0 0 1 0.9907397 -0.1355035 0.008580696 0 0.1352963 0.9905756 0.02133024 0 -0.01139015 -0.01997178 0.9997357 0 -0.1020665 0 -1.862645E-11 1 0.9854407 -0.1700101 0.001766827 0 0.1699903 0.9854113 0.008233325 0 -0.0031408 -0.00781311 0.9999645 0 -0.09668985 -4.768371E-09 -2.980232E-10 1 1 0 0 0 0 1 4.324428E-21 0 0 -4.324428E-21 1 0 -0.03559404 0.2365403 0.1074727 1 1 0 0 0 0 1 1.862645E-09 0 0 -1.862645E-09 1 0 -0.03559404 0.2365403 -0.1074727 1 0.9835187 -0.1808021 -0.001308029 0 0.1805722 0.982585 -0.04382309 0 0.009208554 0.04286463 0.9990385 0 -0.09986501 0 0 1 1 0 0 0 0 -1.192093E-07 -1 0 0 1 -1.192093E-07 0 0 0 -2.921522E-08 1  
	</AnimationSets>
</Animation>
